3	44.267484,12.354953
7	44.263549,12.347682
8	44.417130,12.199350
2	44.413912,12.196035
6	44.413501,12.201153
5	44.392047,12.213052
17	44.442024,12.295630
1	44.415299,12.204837
1	44.416613,12.203277
16	44.419080,12.196564
3	44.422526,12.201697
2	44.420112,12.199229
15	44.424294,12.209183
1	44.484104,12.277755
1	44.423367,12.197708
5	44.298680,12.195144
1	44.432082,12.261039
1	44.414497,12.210807
7	44.434122,12.241791
1	44.439878,12.197449
1	44.417543,12.194358
8	44.415914,12.196331
1	44.361113,12.180952
1	44.411902,12.202850
4	44.411966,12.200016
1	44.420950,12.197987
1	44.295210,12.109692
1	44.418682,12.201182
10	44.302000,12.129647
1	44.415996,12.198337
1	44.419361,12.191667
1	44.421599,12.190588
1	44.414096,12.196213
1	44.402623,12.247504
1	44.307997,12.343463
2	44.422756,12.182167
7	44.491558,12.280510
1	41.725055,12.610561
23	44.415825,12.200720
3	44.413848,12.200242
1	44.205605,12.389968
1	44.416080,12.200214
4	44.404872,12.177461
1	44.408813,12.195757
1	44.409629,12.198027
3	44.478954,12.282684
12	44.416328,12.211094
15	44.417606,12.200391
1	44.403288,12.193441
11	44.418141,12.201614
3	44.415074,12.202041
1	44.408156,12.204586
1	44.417494,12.190109
1	44.421785,12.201115
1	44.418242,12.196850
2	44.486181,12.281244
1	44.491565,12.280231
1	44.407302,12.213842
7	44.418690,12.198714
4	44.412143,12.211473
12	44.435675,11.875115
5	44.162110,11.587695
1	44.409784,12.194461
2	44.414513,12.179089
1	44.433735,12.226537
2	44.415900,12.198241
1	44.119728,12.475526
12	44.456653,12.246899
18	44.419086,12.208077
1	44.418025,12.182123
1	44.417520,12.196816
1	44.415899,12.217749
11	44.417607,12.198795
7	44.416850,12.199937
5	43.928417,12.649205
1	44.414446,12.195540
8	42.989857,12.263561
4	44.417313,12.202237
7	44.416219,12.200877
1	44.358702,11.935384
1	44.422181,12.203632
1	44.261263,12.349964
2	44.419200,12.190617
7	44.297246,12.108417
5	44.415542,12.197377
5	44.416048,12.199454
1	44.372093,12.138547
1	44.424415,12.205312
1	44.418591,12.206360
3	44.443006,12.231493
93	44.485594,12.282269
4	44.414459,12.208134
2	44.410318,12.201697
3	44.204848,12.399674
1	44.414783,12.193475
1	44.418141,12.198699
2	44.419924,12.219063
2	44.797974,7.999599
1	44.414890,12.203681
3	44.411432,12.201047
3	44.458659,12.285977
1	44.419133,12.178956
2	44.414450,12.188825
6	44.407129,12.194293
1	40.090167,18.067128
1	44.419856,12.196557
5	44.411734,12.310909
1	44.419056,12.190935
1	44.418780,12.202348
3	44.420903,12.199379
1	44.415485,12.192183
1	44.412591,12.195560
3	44.418649,12.199653
2	44.288766,12.345597
4	44.328721,12.261911
1	44.489618,12.280255
2	44.420356,12.199005
1	44.291209,11.891440
6	44.285581,11.883536
7	44.488011,12.281982
3	44.414506,12.198484
3	44.414679,12.209130
2	44.420983,12.197103
1	44.411648,12.199956
1	44.403898,12.112210
3	44.416891,12.193674
1	44.423002,12.196487
11	44.417971,12.206309
1	44.410003,12.203014
5	44.414312,12.213372
10	44.418897,12.207455
1	44.419214,12.204828
1	44.417680,12.200752
1	44.427658,12.193206
1	44.418075,12.193494
1	44.423674,12.170398
17	44.418548,12.204245
8	44.419727,12.194359
3	44.260989,12.349434
70	44.417850,12.199792
4	44.416268,12.206693
5	44.486699,12.284990
6	44.280450,12.349251
23	44.420652,12.190690
2	44.418940,12.204909
14	44.491663,12.279162
13	44.419354,12.194029
1	44.415469,12.198223
17	44.418723,12.205393
12	39.208952,9.127761
2	44.422131,12.199264
23	44.416831,12.209957
3	40.057027,17.986127
2	44.249517,11.939443
2	44.420669,12.200700
23	44.444920,12.221874
11	44.418221,12.199147
6	44.407147,12.198728
17	44.325635,12.331158
3	44.337805,12.263399
3	44.417155,12.201302
1	44.202258,11.728759
1	44.419568,12.196155
1	44.410510,12.205405
1	44.382033,12.234995
28	44.420111,12.208719
1	44.419434,12.200931
1	44.420793,12.192339
18	44.417641,12.203782
3	44.411720,12.203914
2	44.388275,11.826622
1	44.175149,12.421090
1	44.413746,12.203726
6	44.416018,12.199918
1	44.418512,12.200177
2	44.418703,12.202448
8	44.422624,12.205605
3	44.419107,12.201907
1	44.262542,12.353882
254	44.418360,12.203529
4	44.487616,12.277403
1	44.419195,12.198619
3	44.411080,12.201905
1	44.413236,12.195777
2	44.416528,12.191915
8	44.377804,12.236861
1	44.540598,11.933716
2	44.419973,12.198440
6	44.410185,12.207236
3	44.412282,12.203932
5	44.419427,12.199080
2	44.397801,12.196772
3	44.464698,12.081365
3	44.410979,11.781484
2	44.475283,11.894520
1	44.404173,12.186264
